1000000;6,60;6,20
1010000;2,10;3,19
1020000;2,55;1,77
1030000;2,22;2,20
1040000;2,3;2,9
1050000;2,49;1,84
1060000;3,0;3,72
1070000;1,86;1,74
1080000;2,41;2,4
1090000;1,97;1,64
1100000;2,84;1,74
1110000;2,0;1,69
1120000;7,6;3,85
1130000;14,34;18,59
1140000;6,25;4,24
1150000;3,82;2,49
1160000;2,17;3,9
1170000;3,3;2,31
1180000;4,49;4,22
1190000;3,27;2,55
1200000;3,96;2,89
1210000;4,54;5,90
1220000;3,45;2,28
1230000;2,83;2,95
1240000;5,38;3,8
1250000;2,78;3,0
1260000;4,20;3,48
1270000;3,48;2,69
1280000;3,81;2,68
1290000;9,86;4,58
1300000;2,94;2,88
1310000;8,66;3,41
1320000;4,20;2,45
1330000;2,81;3,74
1340000;2,30;2,8
1350000;2,60;2,11
1360000;2,46;2,66
1370000;2,92;2,21
1380000;2,86;2,30
1390000;2,41;2,16
1400000;2,57;2,74
1410000;6,47;7,65
1420000;6,14;5,19
1430000;3,37;2,56
1440000;3,40;2,43
1450000;3,0;3,43
1460000;2,88;2,72
1470000;3,49;2,23
1480000;2,45;2,15
1490000;2,74;2,46
1500000;2,58;2,40
1510000;2,89;2,77
1520000;5,96;3,81
1530000;3,65;2,75
1540000;3,38;2,35
1550000;3,81;2,78
1560000;5,62;5,5
1570000;3,8;2,60
1580000;2,80;3,36
1590000;2,61;2,34
1600000;3,8;2,65
1610000;3,37;3,5
1620000;6,6;3,43
1630000;3,18;2,56
1640000;3,9;2,68
1650000;9,67;3,36
1660000;2,97;2,78
1670000;5,40;4,4
1680000;3,59;2,81
1690000;5,29;4,70
1700000;6,80;6,31
1710000;4,16;4,55
1720000;3,16;2,56
1730000;3,31;2,57
1740000;3,65;2,65
1750000;2,99;2,69
1760000;3,7;2,82
1770000;3,69;2,78
1780000;5,37;6,26
1790000;4,30;4,36
1800000;3,29;3,18
1810000;12,41;12,41
1820000;11,71;20,85
1830000;20,69;12,25
1840000;3,34;5,82
1850000;3,2;2,84
1860000;3,48;3,26
1870000;3,15;2,98
1880000;3,86;2,77
1890000;4,21;4,50
1900000;3,43;3,55
1910000;3,33;3,55
1920000;7,15;13,20
1930000;3,58;5,77
1940000;3,83;3,76
1950000;4,76;4,76
1960000;9,72;6,25
1970000;3,97;3,48
1980000;3,80;3,41
1990000;4,68;4,68
2000000;4,9;3,34
2010000;3,57;3,81
2020000;3,36;4,14
2030000;16,35;7,71
2040000;8,21;28,80
2050000;6,81;8,48
2060000;3,39;3,51
2070000;4,87;5,62
2080000;21,56;14,35
2090000;7,66;4,33
2100000;4,36;3,86
2110000;6,1;3,66
2120000;5,83;4,52
2130000;5,91;4,84
2140000;3,38;3,53
2150000;3,60;4,54
2160000;3,91;3,63
2170000;4,90;6,5
2180000;4,14;3,61
2190000;4,3;4,60
2200000;3,81;4,50
2210000;20,39;14,89
2220000;6,70;3,50
2230000;10,30;18,29
2240000;24,26;15,32
2250000;7,41;3,37
2260000;3,68;3,90
2270000;3,84;3,40
2280000;3,80;3,65
2290000;4,2;3,60
2300000;5,7;4,50
2310000;8,77;8,7
2320000;18,55;8,24
2330000;39,59;29,96
2340000;7,85;7,86
2350000;9,61;6,50
2360000;39,50;14,33
2370000;7,94;9,64
2380000;18,1;9,0
2390000;5,28;7,8
2400000;5,81;4,43
2410000;4,6;3,60
2420000;5,50;5,89
2430000;6,21;4,68
2440000;5,46;16,64
2450000;5,45;5,11
2460000;4,94;4,72
2470000;14,55;13,15
2480000;9,10;9,42
2490000;14,40;7,47
2500000;6,14;7,75
2510000;6,25;6,35
2520000;5,77;5,63
2530000;4,67;4,49
2540000;4,74;4,14
2550000;4,82;4,22
2560000;4,26;4,16
2570000;4,58;3,90
2580000;4,36;4,22
2590000;13,44;25,84
2600000;6,85;8,44
2610000;7,98;6,75
2620000;4,34;4,15
2630000;4,46;3,81
2640000;7,76;4,59
2650000;6,12;4,31
2660000;9,64;8,17
2670000;4,46;4,27
2680000;4,55;4,8
2690000;6,57;5,54
2700000;4,73;4,21
2710000;5,38;4,3
2720000;8,43;5,28
2730000;4,56;4,10
2740000;4,24;4,60
2750000;8,23;7,76
2760000;5,91;5,70
2770000;4,43;4,3
2780000;6,13;4,93
2790000;15,93;8,51
2800000;4,77;4,47
2810000;4,52;4,23
2820000;5,72;4,89
2830000;5,56;4,77
2840000;8,44;10,42
2850000;4,80;4,47
2860000;5,27;4,82
2870000;4,65;4,62
2880000;4,53;4,45
2890000;4,75;4,55
2900000;4,82;4,54
2910000;5,39;4,63
2920000;4,90;4,58
2930000;4,88;4,97
2940000;5,32;4,72
2950000;5,88;6,71
2960000;10,7;13,14
2970000;7,92;10,81
2980000;12,92;8,89
2990000;10,10;6,30
3000000;8,73;20,77
3010000;6,40;5,46
3020000;6,91;6,35
3030000;8,12;5,64
3040000;5,62;7,19
3050000;5,99;5,64
3060000;7,4;7,68
3070000;6,31;5,82
3080000;6,49;5,22
3090000;25,22;16,93
3100000;10,72;5,34
3110000;7,34;6,53
3120000;9,83;5,52
3130000;7,4;6,67
3140000;6,35;6,52
3150000;8,0;5,60
3160000;7,9;4,91
3170000;4,87;5,5
3180000;6,9;6,83
3190000;7,54;5,56
3200000;8,13;8,72
3210000;6,62;5,58
3220000;5,70;5,7
3230000;6,38;5,74
3240000;14,94;7,9
3250000;5,97;6,26
3260000;12,43;8,2
3270000;7,29;5,55
3280000;5,65;5,46
3290000;6,46;5,29
3300000;8,15;5,58
3310000;13,87;6,75
3320000;5,55;5,33
3330000;5,41;6,10
3340000;6,63;6,43
3350000;13,14;12,69
3360000;36,60;11,66
3370000;6,45;5,51
3380000;6,80;6,19
3390000;7,12;5,23
3400000;7,52;9,3
3410000;16,25;10,99
3420000;7,58;6,81
3430000;7,98;5,84
3440000;6,63;7,9
3450000;6,33;6,6
3460000;5,87;5,53
3470000;15,56;13,33
3480000;12,51;12,48
3490000;9,7;6,78
3500000;22,45;21,50
3510000;7,65;9,81
3520000;22,63;11,14
3530000;17,96;11,36
3540000;9,18;13,68
3550000;8,57;8,32
3560000;6,91;5,98
3570000;9,15;5,91
3580000;8,58;8,42
3590000;8,18;7,11
3600000;11,31;6,53
3610000;13,4;14,90
3620000;11,88;16,16
3630000;8,49;7,48
3640000;6,18;5,99
3650000;6,25;6,46
3660000;8,54;6,41
3670000;13,1;16,17
3680000;10,53;7,5
3690000;8,49;6,99
3700000;16,49;10,60
3710000;9,62;7,25
3720000;10,63;7,87
3730000;7,2;8,1
3740000;11,63;9,10
3750000;7,77;6,25
3760000;11,38;8,61
3770000;8,21;9,27
3780000;21,96;5,72
3790000;7,4;7,52
3800000;10,95;8,70
3810000;7,35;9,97
3820000;6,81;6,65
3830000;6,39;8,64
3840000;14,98;11,90
3850000;11,26;8,43
3860000;5,98;6,49
3870000;8,97;8,86
3880000;8,85;6,67
3890000;10,23;12,82
3900000;8,62;9,32
3910000;10,25;9,64
3920000;8,7;7,1
3930000;9,8;6,93
3940000;7,33;7,48
3950000;7,48;7,5
3960000;8,39;8,24
3970000;8,3;6,21
3980000;7,0;6,33
3990000;7,64;7,5
4000000;7,18;6,35
4010000;8,74;7,34
4020000;42,65;9,95
4030000;7,61;6,93
4040000;7,8;6,16
4050000;7,34;8,1
4060000;9,42;6,40
4070000;40,0;9,30
4080000;7,27;8,9
4090000;7,12;8,80
4100000;7,99;9,36
4110000;8,60;7,80
4120000;16,79;8,85
4130000;7,36;7,29
4140000;8,38;7,34
4150000;9,51;7,7
4160000;9,19;8,46
4170000;7,89;6,89
4180000;10,56;7,27
4190000;11,4;7,60
4200000;39,94;9,65
4210000;8,61;8,17
4220000;7,64;9,27
4230000;9,5;7,73
4240000;10,95;28,24
4250000;20,6;15,98
4260000;7,48;7,16
4270000;8,36;7,2
4280000;10,24;30,66
4290000;10,44;9,29
4300000;9,43;7,49
4310000;8,16;7,4
4320000;9,33;7,54
4330000;10,30;7,52
4340000;20,41;16,47
4350000;21,87;12,1
4360000;9,12;6,67
4370000;11,12;10,40
4380000;24,25;18,97
4390000;12,57;53,67
4400000;14,14;10,95
4410000;9,41;11,9
4420000;9,58;10,0
4430000;7,74;7,71
4440000;9,63;9,8
4450000;8,11;8,71
4460000;12,32;9,37
4470000;10,11;9,30
4480000;20,8;17,20
4490000;10,86;9,99
4500000;9,15;8,66
4510000;16,16;11,58
4520000;30,39;17,78
4530000;8,48;7,72
4540000;7,97;7,58
4550000;9,90;21,27
4560000;15,83;11,33
4570000;10,22;8,15
4580000;10,79;9,81
4590000;11,17;13,31
4600000;16,84;17,19
4610000;8,11;7,71
4620000;13,12;17,86
4630000;8,97;6,93
4640000;9,48;7,18
4650000;21,37;14,39
4660000;9,52;9,21
4670000;11,14;27,97
4680000;8,84;8,32
4690000;8,46;8,30
4700000;11,11;8,11
4710000;9,21;30,86
4720000;9,96;9,80
4730000;9,89;8,5
4740000;9,1;9,7
4750000;10,82;14,34
4760000;10,14;8,32
4770000;14,21;16,5
4780000;9,48;9,76
4790000;10,60;11,59
4800000;9,71;8,27
4810000;10,64;7,88
4820000;21,14;8,41
4830000;8,49;8,18
4840000;8,86;9,71
4850000;8,54;8,32
4860000;10,77;11,14
4870000;11,26;9,84
4880000;8,54;8,37
4890000;9,48;10,0
4900000;19,65;11,67
4910000;8,21;8,6
4920000;13,36;11,79
4930000;10,90;9,55
4940000;8,62;9,28
4950000;15,20;9,43
4960000;13,45;12,77
4970000;11,9;9,21
4980000;12,62;12,46
4990000;10,98;10,1
5000000;10,46;9,55
5010000;17,54;15,3
5020000;18,89;10,38
5030000;10,22;7,95
5040000;16,53;13,87
5050000;11,58;9,86
5060000;14,12;15,89
5070000;8,82;8,81
5080000;8,15;8,41
5090000;8,67;8,73
5100000;15,69;19,72
5110000;9,92;8,11
5120000;10,16;9,53
5130000;10,48;10,19
5140000;10,88;8,8
5150000;18,3;16,44
5160000;10,59;14,97
5170000;9,88;9,91
5180000;12,1;12,40
5190000;16,73;17,91
5200000;12,88;12,9
5210000;12,74;11,73
5220000;10,43;10,78
5230000;21,61;23,1
5240000;10,77;10,10
5250000;13,22;8,55
5260000;14,37;11,93
5270000;12,87;10,70
5280000;12,10;10,55
5290000;12,1;8,75
5300000;11,20;11,46
5310000;13,28;8,89
5320000;11,33;11,38
5330000;10,6;8,96
5340000;13,79;11,43
5350000;15,26;11,66
5360000;10,4;9,63
5370000;10,57;10,77
5380000;31,35;20,64
5390000;14,94;10,5
5400000;11,18;10,61
5410000;17,12;11,42
5420000;25,87;11,49
5430000;13,37;13,80
5440000;9,65;9,49
5450000;15,16;16,34
5460000;19,76;19,89
5470000;14,56;12,80
5480000;9,26;8,95
5490000;16,30;11,77
5500000;30,70;17,14
5510000;13,67;13,82
5520000;10,86;8,54
5530000;14,42;14,49
5540000;10,89;8,40
5550000;11,39;9,4
5560000;10,93;8,52
5570000;13,3;12,99
5580000;29,86;20,46
5590000;15,27;12,11
5600000;11,70;9,58
5610000;10,83;11,20
5620000;21,35;8,84
5630000;12,43;9,44
5640000;9,90;9,76
5650000;11,83;11,86
5660000;22,11;18,23
5670000;12,51;9,11
5680000;10,46;8,60
5690000;10,55;11,23
5700000;22,36;14,64
5710000;11,44;8,94
5720000;11,66;9,5
5730000;10,81;10,16
5740000;11,92;11,14
5750000;12,50;9,1
5760000;9,72;9,79
5770000;20,68;22,6
5780000;12,73;12,95
5790000;10,82;10,39
5800000;10,62;12,5
5810000;9,80;10,79
5820000;10,21;11,86
5830000;20,69;18,33
5840000;22,70;20,65
5850000;19,53;21,66
5860000;10,28;9,31
5870000;10,8;9,68
5880000;15,40;12,87
5890000;9,96;10,85
5900000;11,73;12,30
5910000;9,22;9,65
5920000;10,59;11,59
5930000;10,59;11,46
5940000;20,48;12,71
5950000;11,85;11,66
5960000;13,1;11,9
5970000;10,80;10,29
5980000;13,21;12,7
5990000;14,40;12,16
6000000;18,10;14,75
6010000;12,34;11,59
6020000;11,93;9,61
6030000;11,91;9,34
6040000;10,52;10,2
6050000;11,21;9,84
6060000;12,91;19,81
6070000;11,98;9,34
6080000;13,55;14,64
6090000;20,3;11,93
6100000;10,80;12,8
6110000;11,65;9,73
6120000;16,21;13,10
6130000;20,20;17,91
6140000;14,64;11,21
6150000;13,17;12,5
6160000;15,38;9,62
6170000;13,10;9,68
6180000;17,84;16,8
6190000;15,0;13,63
6200000;11,83;20,83
6210000;13,42;18,99
6220000;15,23;9,98
6230000;15,71;14,24
6240000;12,65;15,34
6250000;16,5;13,49
6260000;13,89;18,24
6270000;16,29;12,62
6280000;16,74;13,44
6290000;15,17;17,23
6300000;18,57;15,98
6310000;14,25;14,79
6320000;15,50;13,71
6330000;24,43;12,6
6340000;14,98;23,97
6350000;13,51;17,24
6360000;11,31;20,5
6370000;12,24;15,32
6380000;14,50;17,45
6390000;12,59;12,30
6400000;10,42;11,63
6410000;12,48;10,93
6420000;14,84;15,95
6430000;13,5;17,44
6440000;15,82;13,80
6450000;10,79;10,42
6460000;14,20;16,53
6470000;14,73;14,84
6480000;17,9;17,73
6490000;12,81;13,74
6500000;18,63;16,37
6510000;15,9;15,40
6520000;21,60;50,58
6530000;13,70;11,16
6540000;16,37;12,69
6550000;11,87;13,0
6560000;17,15;14,97
6570000;38,59;20,28
6580000;43,64;40,28
6590000;25,97;24,43
6600000;35,45;19,18
6610000;32,33;27,24
6620000;37,92;31,5
6630000;28,26;27,15
6640000;14,43;17,31
6650000;33,53;17,12
6660000;16,0;13,70
6670000;15,54;12,3
6680000;21,29;18,99
6690000;11,84;12,49
6700000;33,17;23,56
